{
 "nbformat": 4,
 "nbformat_minor": 2,
 "metadata": {
  "language_info": {
   "name": "python",
   "codemirror_mode": {
    "name": "ipython",
    "version": 3
   },
   "version": "3.7.3-final"
  },
  "orig_nbformat": 2,
  "file_extension": ".py",
  "mimetype": "text/x-python",
  "name": "python",
  "npconvert_exporter": "python",
  "pygments_lexer": "ipython3",
  "version": 3,
  "kernelspec": {
   "name": "python37364bitbaseconda3e8d1efd23e942ffb39a1c2f774bdc3f",
   "display_name": "Python 3.7.3 64-bit ('base': conda)"
  }
 },
 "cells": [
  {
   "cell_type": "code",
   "execution_count": 1,
   "metadata": {},
   "outputs": [],
   "source": [
    "import numpy as np\n",
    "import pandas as pd\n",
    "import math\n",
    "\n",
    "import seaborn as sns\n",
    "from sklearn.model_selection import train_test_split\n",
    "from matplotlib import pyplot as plt\n",
    "from scipy.stats import chi2_contingency\n",
    "from sklearn.preprocessing import StandardScaler\n",
    "import xgboost as xgb\n",
    "\n",
    "import warnings\n",
    "warnings.filterwarnings('ignore')\n",
    "\n",
    "%matplotlib inline"
   ]
  },
  {
   "cell_type": "code",
   "execution_count": 3,
   "metadata": {},
   "outputs": [],
   "source": [
    "xxgb = xgb.XGBClassifier(max_depth=3, n_estimators=300, learning_rate=0.05)"
   ]
  },
  {
   "cell_type": "code",
   "execution_count": 4,
   "metadata": {},
   "outputs": [],
   "source": [
    "sample = pd.read_csv('data/sample_submission.csv', index_col=0)"
   ]
  },
  {
   "cell_type": "code",
   "execution_count": 5,
   "metadata": {},
   "outputs": [],
   "source": [
    "train = pd.read_csv('./data/train.csv', index_col=0)"
   ]
  },
  {
   "cell_type": "code",
   "execution_count": 6,
   "metadata": {},
   "outputs": [],
   "source": [
    "unique_labels = np.array(sample.columns)\n",
    "label_dict = {val: i for i, val in enumerate(unique_labels)}\n",
    "i2lb = {v:k for k, v in label_dict.items()}\n",
    "labels = train['type']"
   ]
  },
  {
   "cell_type": "code",
   "execution_count": 7,
   "metadata": {},
   "outputs": [],
   "source": [
    "# scaler = StandardScaler()\n",
    "trainDrop = train.drop(columns=['type', 'fiberID'])\n",
    "\n",
    "# trainDrop['type'] = train['type'].replace(label_dict)\n",
    "\n",
    "# _mat = scaler.fit_transform(trainDrop)\n",
    "# trainDrop = pd.DataFrame(_mat, columns=trainDrop.columns, index=trainDrop.index)\n",
    "trainDrop['type'] = labels.replace(label_dict)"
   ]
  },
  {
   "cell_type": "code",
   "execution_count": 8,
   "metadata": {},
   "outputs": [
    {
     "data": {
      "text/html": "<div>\n<style scoped>\n    .dataframe tbody tr th:only-of-type {\n        vertical-align: middle;\n    }\n\n    .dataframe tbody tr th {\n        vertical-align: top;\n    }\n\n    .dataframe thead th {\n        text-align: right;\n    }\n</style>\n<table border=\"1\" class=\"dataframe\">\n  <thead>\n    <tr style=\"text-align: right;\">\n      <th></th>\n      <th>psfMag_u</th>\n      <th>psfMag_g</th>\n      <th>psfMag_r</th>\n      <th>psfMag_i</th>\n      <th>psfMag_z</th>\n      <th>fiberMag_u</th>\n      <th>fiberMag_g</th>\n      <th>fiberMag_r</th>\n      <th>fiberMag_i</th>\n      <th>fiberMag_z</th>\n      <th>...</th>\n      <th>petroMag_g</th>\n      <th>petroMag_r</th>\n      <th>petroMag_i</th>\n      <th>petroMag_z</th>\n      <th>modelMag_u</th>\n      <th>modelMag_g</th>\n      <th>modelMag_r</th>\n      <th>modelMag_i</th>\n      <th>modelMag_z</th>\n      <th>type</th>\n    </tr>\n    <tr>\n      <th>id</th>\n      <th></th>\n      <th></th>\n      <th></th>\n      <th></th>\n      <th></th>\n      <th></th>\n      <th></th>\n      <th></th>\n      <th></th>\n      <th></th>\n      <th></th>\n      <th></th>\n      <th></th>\n      <th></th>\n      <th></th>\n      <th></th>\n      <th></th>\n      <th></th>\n      <th></th>\n      <th></th>\n      <th></th>\n    </tr>\n  </thead>\n  <tbody>\n    <tr>\n      <th>0</th>\n      <td>23.198224</td>\n      <td>21.431953</td>\n      <td>21.314148</td>\n      <td>21.176553</td>\n      <td>21.171444</td>\n      <td>22.581309</td>\n      <td>21.644453</td>\n      <td>21.657571</td>\n      <td>21.387653</td>\n      <td>21.572827</td>\n      <td>...</td>\n      <td>21.431636</td>\n      <td>21.478312</td>\n      <td>21.145409</td>\n      <td>20.422446</td>\n      <td>22.749241</td>\n      <td>21.465534</td>\n      <td>21.364187</td>\n      <td>21.020605</td>\n      <td>21.147340</td>\n      <td>8</td>\n    </tr>\n    <tr>\n      <th>1</th>\n      <td>21.431355</td>\n      <td>20.708104</td>\n      <td>20.678850</td>\n      <td>20.703420</td>\n      <td>20.473229</td>\n      <td>21.868797</td>\n      <td>21.029773</td>\n      <td>20.967054</td>\n      <td>20.937731</td>\n      <td>21.063646</td>\n      <td>...</td>\n      <td>20.778968</td>\n      <td>20.889705</td>\n      <td>20.639812</td>\n      <td>20.646660</td>\n      <td>21.492955</td>\n      <td>20.758527</td>\n      <td>20.753925</td>\n      <td>20.693389</td>\n      <td>20.512314</td>\n      <td>8</td>\n    </tr>\n    <tr>\n      <th>2</th>\n      <td>17.851451</td>\n      <td>16.727898</td>\n      <td>16.679677</td>\n      <td>16.694640</td>\n      <td>16.641788</td>\n      <td>18.171890</td>\n      <td>17.033098</td>\n      <td>16.999682</td>\n      <td>17.095999</td>\n      <td>17.076449</td>\n      <td>...</td>\n      <td>16.738784</td>\n      <td>16.688874</td>\n      <td>16.744210</td>\n      <td>16.808006</td>\n      <td>17.818063</td>\n      <td>16.697434</td>\n      <td>16.641249</td>\n      <td>16.660177</td>\n      <td>16.688928</td>\n      <td>8</td>\n    </tr>\n    <tr>\n      <th>3</th>\n      <td>20.789900</td>\n      <td>20.040371</td>\n      <td>19.926909</td>\n      <td>19.843840</td>\n      <td>19.463270</td>\n      <td>21.039030</td>\n      <td>20.317165</td>\n      <td>20.217898</td>\n      <td>20.073852</td>\n      <td>19.794505</td>\n      <td>...</td>\n      <td>19.993727</td>\n      <td>19.985531</td>\n      <td>19.750917</td>\n      <td>19.455117</td>\n      <td>20.770711</td>\n      <td>20.001699</td>\n      <td>19.889798</td>\n      <td>19.758113</td>\n      <td>19.552855</td>\n      <td>8</td>\n    </tr>\n    <tr>\n      <th>4</th>\n      <td>26.454969</td>\n      <td>23.058767</td>\n      <td>21.471406</td>\n      <td>19.504961</td>\n      <td>18.389096</td>\n      <td>25.700632</td>\n      <td>23.629122</td>\n      <td>21.742750</td>\n      <td>19.861718</td>\n      <td>18.810375</td>\n      <td>...</td>\n      <td>22.426929</td>\n      <td>21.673551</td>\n      <td>19.610012</td>\n      <td>18.376141</td>\n      <td>24.877052</td>\n      <td>23.147993</td>\n      <td>21.475342</td>\n      <td>19.487330</td>\n      <td>18.375655</td>\n      <td>10</td>\n    </tr>\n  </tbody>\n</table>\n<p>5 rows × 21 columns</p>\n</div>",
      "text/plain": "     psfMag_u   psfMag_g   psfMag_r   psfMag_i   psfMag_z  fiberMag_u  \\\nid                                                                      \n0   23.198224  21.431953  21.314148  21.176553  21.171444   22.581309   \n1   21.431355  20.708104  20.678850  20.703420  20.473229   21.868797   \n2   17.851451  16.727898  16.679677  16.694640  16.641788   18.171890   \n3   20.789900  20.040371  19.926909  19.843840  19.463270   21.039030   \n4   26.454969  23.058767  21.471406  19.504961  18.389096   25.700632   \n\n    fiberMag_g  fiberMag_r  fiberMag_i  fiberMag_z  ...  petroMag_g  \\\nid                                                  ...               \n0    21.644453   21.657571   21.387653   21.572827  ...   21.431636   \n1    21.029773   20.967054   20.937731   21.063646  ...   20.778968   \n2    17.033098   16.999682   17.095999   17.076449  ...   16.738784   \n3    20.317165   20.217898   20.073852   19.794505  ...   19.993727   \n4    23.629122   21.742750   19.861718   18.810375  ...   22.426929   \n\n    petroMag_r  petroMag_i  petroMag_z  modelMag_u  modelMag_g  modelMag_r  \\\nid                                                                           \n0    21.478312   21.145409   20.422446   22.749241   21.465534   21.364187   \n1    20.889705   20.639812   20.646660   21.492955   20.758527   20.753925   \n2    16.688874   16.744210   16.808006   17.818063   16.697434   16.641249   \n3    19.985531   19.750917   19.455117   20.770711   20.001699   19.889798   \n4    21.673551   19.610012   18.376141   24.877052   23.147993   21.475342   \n\n    modelMag_i  modelMag_z  type  \nid                                \n0    21.020605   21.147340     8  \n1    20.693389   20.512314     8  \n2    16.660177   16.688928     8  \n3    19.758113   19.552855     8  \n4    19.487330   18.375655    10  \n\n[5 rows x 21 columns]"
     },
     "execution_count": 8,
     "metadata": {},
     "output_type": "execute_result"
    }
   ],
   "source": [
    "trainDrop.head()\n",
    "# train.head()"
   ]
  },
  {
   "cell_type": "code",
   "execution_count": 9,
   "metadata": {},
   "outputs": [
    {
     "data": {
      "text/html": "<div>\n<style scoped>\n    .dataframe tbody tr th:only-of-type {\n        vertical-align: middle;\n    }\n\n    .dataframe tbody tr th {\n        vertical-align: top;\n    }\n\n    .dataframe thead th {\n        text-align: right;\n    }\n</style>\n<table border=\"1\" class=\"dataframe\">\n  <thead>\n    <tr style=\"text-align: right;\">\n      <th></th>\n      <th>psfMag_u</th>\n      <th>psfMag_g</th>\n      <th>psfMag_r</th>\n      <th>psfMag_i</th>\n      <th>psfMag_z</th>\n      <th>fiberMag_u</th>\n      <th>fiberMag_g</th>\n      <th>fiberMag_r</th>\n      <th>fiberMag_i</th>\n      <th>fiberMag_z</th>\n      <th>...</th>\n      <th>petroMag_g</th>\n      <th>petroMag_r</th>\n      <th>petroMag_i</th>\n      <th>petroMag_z</th>\n      <th>modelMag_u</th>\n      <th>modelMag_g</th>\n      <th>modelMag_r</th>\n      <th>modelMag_i</th>\n      <th>modelMag_z</th>\n      <th>type</th>\n    </tr>\n  </thead>\n  <tbody>\n    <tr>\n      <th>psfMag_u</th>\n      <td>1.000000</td>\n      <td>0.007163</td>\n      <td>0.008022</td>\n      <td>0.008373</td>\n      <td>0.007613</td>\n      <td>0.999612</td>\n      <td>0.001737</td>\n      <td>0.005493</td>\n      <td>0.007417</td>\n      <td>0.005179</td>\n      <td>...</td>\n      <td>0.006210</td>\n      <td>0.007035</td>\n      <td>0.005979</td>\n      <td>0.006911</td>\n      <td>0.005475</td>\n      <td>0.005218</td>\n      <td>0.006855</td>\n      <td>0.006553</td>\n      <td>0.009054</td>\n      <td>0.000405</td>\n    </tr>\n    <tr>\n      <th>psfMag_g</th>\n      <td>0.007163</td>\n      <td>1.000000</td>\n      <td>0.656575</td>\n      <td>0.675570</td>\n      <td>0.529464</td>\n      <td>0.018975</td>\n      <td>0.147544</td>\n      <td>0.246507</td>\n      <td>0.479143</td>\n      <td>0.376652</td>\n      <td>...</td>\n      <td>0.611664</td>\n      <td>0.139764</td>\n      <td>0.489554</td>\n      <td>0.458087</td>\n      <td>0.211310</td>\n      <td>0.485867</td>\n      <td>0.637270</td>\n      <td>0.424497</td>\n      <td>0.624421</td>\n      <td>0.004215</td>\n    </tr>\n    <tr>\n      <th>psfMag_r</th>\n      <td>0.008022</td>\n      <td>0.656575</td>\n      <td>1.000000</td>\n      <td>0.537715</td>\n      <td>0.451904</td>\n      <td>0.013608</td>\n      <td>0.120586</td>\n      <td>0.350773</td>\n      <td>0.498966</td>\n      <td>0.378253</td>\n      <td>...</td>\n      <td>0.535407</td>\n      <td>0.487657</td>\n      <td>0.449181</td>\n      <td>0.677228</td>\n      <td>0.450860</td>\n      <td>0.550238</td>\n      <td>0.516004</td>\n      <td>0.590266</td>\n      <td>0.538881</td>\n      <td>-0.001561</td>\n    </tr>\n    <tr>\n      <th>psfMag_i</th>\n      <td>0.008373</td>\n      <td>0.675570</td>\n      <td>0.537715</td>\n      <td>1.000000</td>\n      <td>0.648709</td>\n      <td>0.018252</td>\n      <td>0.134389</td>\n      <td>0.352580</td>\n      <td>0.505415</td>\n      <td>0.385155</td>\n      <td>...</td>\n      <td>0.682430</td>\n      <td>0.471127</td>\n      <td>0.523036</td>\n      <td>0.363586</td>\n      <td>0.557699</td>\n      <td>0.452765</td>\n      <td>0.523340</td>\n      <td>0.581413</td>\n      <td>0.640439</td>\n      <td>0.001636</td>\n    </tr>\n    <tr>\n      <th>psfMag_z</th>\n      <td>0.007613</td>\n      <td>0.529464</td>\n      <td>0.451904</td>\n      <td>0.648709</td>\n      <td>1.000000</td>\n      <td>0.018465</td>\n      <td>0.121613</td>\n      <td>0.302411</td>\n      <td>0.557741</td>\n      <td>0.535643</td>\n      <td>...</td>\n      <td>0.586643</td>\n      <td>0.552653</td>\n      <td>0.657507</td>\n      <td>0.419934</td>\n      <td>0.311835</td>\n      <td>0.448141</td>\n      <td>0.347738</td>\n      <td>0.658930</td>\n      <td>0.628597</td>\n      <td>0.001772</td>\n    </tr>\n    <tr>\n      <th>fiberMag_u</th>\n      <td>0.999612</td>\n      <td>0.018975</td>\n      <td>0.013608</td>\n      <td>0.018252</td>\n      <td>0.018465</td>\n      <td>1.000000</td>\n      <td>0.003690</td>\n      <td>0.002805</td>\n      <td>0.016168</td>\n      <td>0.013710</td>\n      <td>...</td>\n      <td>0.017214</td>\n      <td>0.012957</td>\n      <td>0.015468</td>\n      <td>0.007720</td>\n      <td>0.013842</td>\n      <td>0.014747</td>\n      <td>0.020647</td>\n      <td>0.007937</td>\n      <td>0.018597</td>\n      <td>0.000370</td>\n    </tr>\n    <tr>\n      <th>fiberMag_g</th>\n      <td>0.001737</td>\n      <td>0.147544</td>\n      <td>0.120586</td>\n      <td>0.134389</td>\n      <td>0.121613</td>\n      <td>0.003690</td>\n      <td>1.000000</td>\n      <td>0.063919</td>\n      <td>0.119069</td>\n      <td>0.062515</td>\n      <td>...</td>\n      <td>0.109501</td>\n      <td>0.066799</td>\n      <td>0.109731</td>\n      <td>0.099121</td>\n      <td>0.101207</td>\n      <td>0.112340</td>\n      <td>0.090383</td>\n      <td>0.099054</td>\n      <td>0.139623</td>\n      <td>0.000461</td>\n    </tr>\n    <tr>\n      <th>fiberMag_r</th>\n      <td>0.005493</td>\n      <td>0.246507</td>\n      <td>0.350773</td>\n      <td>0.352580</td>\n      <td>0.302411</td>\n      <td>0.002805</td>\n      <td>0.063919</td>\n      <td>1.000000</td>\n      <td>0.492312</td>\n      <td>0.340019</td>\n      <td>...</td>\n      <td>0.426770</td>\n      <td>0.171021</td>\n      <td>0.225000</td>\n      <td>0.012828</td>\n      <td>0.333907</td>\n      <td>0.411668</td>\n      <td>0.273085</td>\n      <td>0.485412</td>\n      <td>0.330141</td>\n      <td>0.000283</td>\n    </tr>\n    <tr>\n      <th>fiberMag_i</th>\n      <td>0.007417</td>\n      <td>0.479143</td>\n      <td>0.498966</td>\n      <td>0.505415</td>\n      <td>0.557741</td>\n      <td>0.016168</td>\n      <td>0.119069</td>\n      <td>0.492312</td>\n      <td>1.000000</td>\n      <td>0.507972</td>\n      <td>...</td>\n      <td>0.552945</td>\n      <td>0.438867</td>\n      <td>0.521864</td>\n      <td>0.124149</td>\n      <td>0.435159</td>\n      <td>0.469454</td>\n      <td>0.585379</td>\n      <td>0.432930</td>\n      <td>0.604043</td>\n      <td>0.001331</td>\n    </tr>\n    <tr>\n      <th>fiberMag_z</th>\n      <td>0.005179</td>\n      <td>0.376652</td>\n      <td>0.378253</td>\n      <td>0.385155</td>\n      <td>0.535643</td>\n      <td>0.013710</td>\n      <td>0.062515</td>\n      <td>0.340019</td>\n      <td>0.507972</td>\n      <td>1.000000</td>\n      <td>...</td>\n      <td>0.401246</td>\n      <td>0.401755</td>\n      <td>0.584127</td>\n      <td>0.138575</td>\n      <td>0.388380</td>\n      <td>0.070946</td>\n      <td>0.468913</td>\n      <td>0.507037</td>\n      <td>0.510494</td>\n      <td>0.002692</td>\n    </tr>\n    <tr>\n      <th>petroMag_u</th>\n      <td>-0.844577</td>\n      <td>0.132693</td>\n      <td>0.118255</td>\n      <td>0.110858</td>\n      <td>0.141354</td>\n      <td>-0.841471</td>\n      <td>0.028254</td>\n      <td>0.086974</td>\n      <td>0.101201</td>\n      <td>0.104502</td>\n      <td>...</td>\n      <td>0.098860</td>\n      <td>0.065375</td>\n      <td>0.079941</td>\n      <td>0.095449</td>\n      <td>0.063122</td>\n      <td>0.094933</td>\n      <td>0.108172</td>\n      <td>0.111249</td>\n      <td>0.139679</td>\n      <td>-0.000956</td>\n    </tr>\n    <tr>\n      <th>petroMag_g</th>\n      <td>0.006210</td>\n      <td>0.611664</td>\n      <td>0.535407</td>\n      <td>0.682430</td>\n      <td>0.586643</td>\n      <td>0.017214</td>\n      <td>0.109501</td>\n      <td>0.426770</td>\n      <td>0.552945</td>\n      <td>0.401246</td>\n      <td>...</td>\n      <td>1.000000</td>\n      <td>0.407871</td>\n      <td>0.313798</td>\n      <td>0.271948</td>\n      <td>0.527022</td>\n      <td>0.608851</td>\n      <td>0.473778</td>\n      <td>0.634342</td>\n      <td>0.680767</td>\n      <td>-0.000045</td>\n    </tr>\n    <tr>\n      <th>petroMag_r</th>\n      <td>0.007035</td>\n      <td>0.139764</td>\n      <td>0.487657</td>\n      <td>0.471127</td>\n      <td>0.552653</td>\n      <td>0.012957</td>\n      <td>0.066799</td>\n      <td>0.171021</td>\n      <td>0.438867</td>\n      <td>0.401755</td>\n      <td>...</td>\n      <td>0.407871</td>\n      <td>1.000000</td>\n      <td>0.425196</td>\n      <td>0.390145</td>\n      <td>0.548064</td>\n      <td>0.455416</td>\n      <td>0.199617</td>\n      <td>0.510208</td>\n      <td>0.316285</td>\n      <td>0.000595</td>\n    </tr>\n    <tr>\n      <th>petroMag_i</th>\n      <td>0.005979</td>\n      <td>0.489554</td>\n      <td>0.449181</td>\n      <td>0.523036</td>\n      <td>0.657507</td>\n      <td>0.015468</td>\n      <td>0.109731</td>\n      <td>0.225000</td>\n      <td>0.521864</td>\n      <td>0.584127</td>\n      <td>...</td>\n      <td>0.313798</td>\n      <td>0.425196</td>\n      <td>1.000000</td>\n      <td>0.252925</td>\n      <td>0.388910</td>\n      <td>0.372597</td>\n      <td>0.280463</td>\n      <td>0.459169</td>\n      <td>0.353458</td>\n      <td>0.002893</td>\n    </tr>\n    <tr>\n      <th>petroMag_z</th>\n      <td>0.006911</td>\n      <td>0.458087</td>\n      <td>0.677228</td>\n      <td>0.363586</td>\n      <td>0.419934</td>\n      <td>0.007720</td>\n      <td>0.099121</td>\n      <td>0.012828</td>\n      <td>0.124149</td>\n      <td>0.138575</td>\n      <td>...</td>\n      <td>0.271948</td>\n      <td>0.390145</td>\n      <td>0.252925</td>\n      <td>1.000000</td>\n      <td>0.317833</td>\n      <td>0.352060</td>\n      <td>0.231071</td>\n      <td>0.310316</td>\n      <td>0.563085</td>\n      <td>0.000859</td>\n    </tr>\n    <tr>\n      <th>modelMag_u</th>\n      <td>0.005475</td>\n      <td>0.211310</td>\n      <td>0.450860</td>\n      <td>0.557699</td>\n      <td>0.311835</td>\n      <td>0.013842</td>\n      <td>0.101207</td>\n      <td>0.333907</td>\n      <td>0.435159</td>\n      <td>0.388380</td>\n      <td>...</td>\n      <td>0.527022</td>\n      <td>0.548064</td>\n      <td>0.388910</td>\n      <td>0.317833</td>\n      <td>1.000000</td>\n      <td>0.405396</td>\n      <td>0.278893</td>\n      <td>0.434335</td>\n      <td>0.447959</td>\n      <td>-0.005000</td>\n    </tr>\n    <tr>\n      <th>modelMag_g</th>\n      <td>0.005218</td>\n      <td>0.485867</td>\n      <td>0.550238</td>\n      <td>0.452765</td>\n      <td>0.448141</td>\n      <td>0.014747</td>\n      <td>0.112340</td>\n      <td>0.411668</td>\n      <td>0.469454</td>\n      <td>0.070946</td>\n      <td>...</td>\n      <td>0.608851</td>\n      <td>0.455416</td>\n      <td>0.372597</td>\n      <td>0.352060</td>\n      <td>0.405396</td>\n      <td>1.000000</td>\n      <td>0.360485</td>\n      <td>0.495140</td>\n      <td>0.338584</td>\n      <td>0.000302</td>\n    </tr>\n    <tr>\n      <th>modelMag_r</th>\n      <td>0.006855</td>\n      <td>0.637270</td>\n      <td>0.516004</td>\n      <td>0.523340</td>\n      <td>0.347738</td>\n      <td>0.020647</td>\n      <td>0.090383</td>\n      <td>0.273085</td>\n      <td>0.585379</td>\n      <td>0.468913</td>\n      <td>...</td>\n      <td>0.473778</td>\n      <td>0.199617</td>\n      <td>0.280463</td>\n      <td>0.231071</td>\n      <td>0.278893</td>\n      <td>0.360485</td>\n      <td>1.000000</td>\n      <td>0.171950</td>\n      <td>0.520798</td>\n      <td>0.003267</td>\n    </tr>\n    <tr>\n      <th>modelMag_i</th>\n      <td>0.006553</td>\n      <td>0.424497</td>\n      <td>0.590266</td>\n      <td>0.581413</td>\n      <td>0.658930</td>\n      <td>0.007937</td>\n      <td>0.099054</td>\n      <td>0.485412</td>\n      <td>0.432930</td>\n      <td>0.507037</td>\n      <td>...</td>\n      <td>0.634342</td>\n      <td>0.510208</td>\n      <td>0.459169</td>\n      <td>0.310316</td>\n      <td>0.434335</td>\n      <td>0.495140</td>\n      <td>0.171950</td>\n      <td>1.000000</td>\n      <td>0.439850</td>\n      <td>0.002058</td>\n    </tr>\n    <tr>\n      <th>modelMag_z</th>\n      <td>0.009054</td>\n      <td>0.624421</td>\n      <td>0.538881</td>\n      <td>0.640439</td>\n      <td>0.628597</td>\n      <td>0.018597</td>\n      <td>0.139623</td>\n      <td>0.330141</td>\n      <td>0.604043</td>\n      <td>0.510494</td>\n      <td>...</td>\n      <td>0.680767</td>\n      <td>0.316285</td>\n      <td>0.353458</td>\n      <td>0.563085</td>\n      <td>0.447959</td>\n      <td>0.338584</td>\n      <td>0.520798</td>\n      <td>0.439850</td>\n      <td>1.000000</td>\n      <td>0.002780</td>\n    </tr>\n    <tr>\n      <th>type</th>\n      <td>0.000405</td>\n      <td>0.004215</td>\n      <td>-0.001561</td>\n      <td>0.001636</td>\n      <td>0.001772</td>\n      <td>0.000370</td>\n      <td>0.000461</td>\n      <td>0.000283</td>\n      <td>0.001331</td>\n      <td>0.002692</td>\n      <td>...</td>\n      <td>-0.000045</td>\n      <td>0.000595</td>\n      <td>0.002893</td>\n      <td>0.000859</td>\n      <td>-0.005000</td>\n      <td>0.000302</td>\n      <td>0.003267</td>\n      <td>0.002058</td>\n      <td>0.002780</td>\n      <td>1.000000</td>\n    </tr>\n  </tbody>\n</table>\n<p>21 rows × 21 columns</p>\n</div>",
      "text/plain": "            psfMag_u  psfMag_g  psfMag_r  psfMag_i  psfMag_z  fiberMag_u  \\\npsfMag_u    1.000000  0.007163  0.008022  0.008373  0.007613    0.999612   \npsfMag_g    0.007163  1.000000  0.656575  0.675570  0.529464    0.018975   \npsfMag_r    0.008022  0.656575  1.000000  0.537715  0.451904    0.013608   \npsfMag_i    0.008373  0.675570  0.537715  1.000000  0.648709    0.018252   \npsfMag_z    0.007613  0.529464  0.451904  0.648709  1.000000    0.018465   \nfiberMag_u  0.999612  0.018975  0.013608  0.018252  0.018465    1.000000   \nfiberMag_g  0.001737  0.147544  0.120586  0.134389  0.121613    0.003690   \nfiberMag_r  0.005493  0.246507  0.350773  0.352580  0.302411    0.002805   \nfiberMag_i  0.007417  0.479143  0.498966  0.505415  0.557741    0.016168   \nfiberMag_z  0.005179  0.376652  0.378253  0.385155  0.535643    0.013710   \npetroMag_u -0.844577  0.132693  0.118255  0.110858  0.141354   -0.841471   \npetroMag_g  0.006210  0.611664  0.535407  0.682430  0.586643    0.017214   \npetroMag_r  0.007035  0.139764  0.487657  0.471127  0.552653    0.012957   \npetroMag_i  0.005979  0.489554  0.449181  0.523036  0.657507    0.015468   \npetroMag_z  0.006911  0.458087  0.677228  0.363586  0.419934    0.007720   \nmodelMag_u  0.005475  0.211310  0.450860  0.557699  0.311835    0.013842   \nmodelMag_g  0.005218  0.485867  0.550238  0.452765  0.448141    0.014747   \nmodelMag_r  0.006855  0.637270  0.516004  0.523340  0.347738    0.020647   \nmodelMag_i  0.006553  0.424497  0.590266  0.581413  0.658930    0.007937   \nmodelMag_z  0.009054  0.624421  0.538881  0.640439  0.628597    0.018597   \ntype        0.000405  0.004215 -0.001561  0.001636  0.001772    0.000370   \n\n            fiberMag_g  fiberMag_r  fiberMag_i  fiberMag_z  ...  petroMag_g  \\\npsfMag_u      0.001737    0.005493    0.007417    0.005179  ...    0.006210   \npsfMag_g      0.147544    0.246507    0.479143    0.376652  ...    0.611664   \npsfMag_r      0.120586    0.350773    0.498966    0.378253  ...    0.535407   \npsfMag_i      0.134389    0.352580    0.505415    0.385155  ...    0.682430   \npsfMag_z      0.121613    0.302411    0.557741    0.535643  ...    0.586643   \nfiberMag_u    0.003690    0.002805    0.016168    0.013710  ...    0.017214   \nfiberMag_g    1.000000    0.063919    0.119069    0.062515  ...    0.109501   \nfiberMag_r    0.063919    1.000000    0.492312    0.340019  ...    0.426770   \nfiberMag_i    0.119069    0.492312    1.000000    0.507972  ...    0.552945   \nfiberMag_z    0.062515    0.340019    0.507972    1.000000  ...    0.401246   \npetroMag_u    0.028254    0.086974    0.101201    0.104502  ...    0.098860   \npetroMag_g    0.109501    0.426770    0.552945    0.401246  ...    1.000000   \npetroMag_r    0.066799    0.171021    0.438867    0.401755  ...    0.407871   \npetroMag_i    0.109731    0.225000    0.521864    0.584127  ...    0.313798   \npetroMag_z    0.099121    0.012828    0.124149    0.138575  ...    0.271948   \nmodelMag_u    0.101207    0.333907    0.435159    0.388380  ...    0.527022   \nmodelMag_g    0.112340    0.411668    0.469454    0.070946  ...    0.608851   \nmodelMag_r    0.090383    0.273085    0.585379    0.468913  ...    0.473778   \nmodelMag_i    0.099054    0.485412    0.432930    0.507037  ...    0.634342   \nmodelMag_z    0.139623    0.330141    0.604043    0.510494  ...    0.680767   \ntype          0.000461    0.000283    0.001331    0.002692  ...   -0.000045   \n\n            petroMag_r  petroMag_i  petroMag_z  modelMag_u  modelMag_g  \\\npsfMag_u      0.007035    0.005979    0.006911    0.005475    0.005218   \npsfMag_g      0.139764    0.489554    0.458087    0.211310    0.485867   \npsfMag_r      0.487657    0.449181    0.677228    0.450860    0.550238   \npsfMag_i      0.471127    0.523036    0.363586    0.557699    0.452765   \npsfMag_z      0.552653    0.657507    0.419934    0.311835    0.448141   \nfiberMag_u    0.012957    0.015468    0.007720    0.013842    0.014747   \nfiberMag_g    0.066799    0.109731    0.099121    0.101207    0.112340   \nfiberMag_r    0.171021    0.225000    0.012828    0.333907    0.411668   \nfiberMag_i    0.438867    0.521864    0.124149    0.435159    0.469454   \nfiberMag_z    0.401755    0.584127    0.138575    0.388380    0.070946   \npetroMag_u    0.065375    0.079941    0.095449    0.063122    0.094933   \npetroMag_g    0.407871    0.313798    0.271948    0.527022    0.608851   \npetroMag_r    1.000000    0.425196    0.390145    0.548064    0.455416   \npetroMag_i    0.425196    1.000000    0.252925    0.388910    0.372597   \npetroMag_z    0.390145    0.252925    1.000000    0.317833    0.352060   \nmodelMag_u    0.548064    0.388910    0.317833    1.000000    0.405396   \nmodelMag_g    0.455416    0.372597    0.352060    0.405396    1.000000   \nmodelMag_r    0.199617    0.280463    0.231071    0.278893    0.360485   \nmodelMag_i    0.510208    0.459169    0.310316    0.434335    0.495140   \nmodelMag_z    0.316285    0.353458    0.563085    0.447959    0.338584   \ntype          0.000595    0.002893    0.000859   -0.005000    0.000302   \n\n            modelMag_r  modelMag_i  modelMag_z      type  \npsfMag_u      0.006855    0.006553    0.009054  0.000405  \npsfMag_g      0.637270    0.424497    0.624421  0.004215  \npsfMag_r      0.516004    0.590266    0.538881 -0.001561  \npsfMag_i      0.523340    0.581413    0.640439  0.001636  \npsfMag_z      0.347738    0.658930    0.628597  0.001772  \nfiberMag_u    0.020647    0.007937    0.018597  0.000370  \nfiberMag_g    0.090383    0.099054    0.139623  0.000461  \nfiberMag_r    0.273085    0.485412    0.330141  0.000283  \nfiberMag_i    0.585379    0.432930    0.604043  0.001331  \nfiberMag_z    0.468913    0.507037    0.510494  0.002692  \npetroMag_u    0.108172    0.111249    0.139679 -0.000956  \npetroMag_g    0.473778    0.634342    0.680767 -0.000045  \npetroMag_r    0.199617    0.510208    0.316285  0.000595  \npetroMag_i    0.280463    0.459169    0.353458  0.002893  \npetroMag_z    0.231071    0.310316    0.563085  0.000859  \nmodelMag_u    0.278893    0.434335    0.447959 -0.005000  \nmodelMag_g    0.360485    0.495140    0.338584  0.000302  \nmodelMag_r    1.000000    0.171950    0.520798  0.003267  \nmodelMag_i    0.171950    1.000000    0.439850  0.002058  \nmodelMag_z    0.520798    0.439850    1.000000  0.002780  \ntype          0.003267    0.002058    0.002780  1.000000  \n\n[21 rows x 21 columns]"
     },
     "execution_count": 9,
     "metadata": {},
     "output_type": "execute_result"
    }
   ],
   "source": [
    "trainDrop.corr()"
   ]
  },
  {
   "cell_type": "code",
   "execution_count": 10,
   "metadata": {},
   "outputs": [
    {
     "data": {
